2.344 0.824065046312
4.688 0.891188204511
7.032 0.933354391969
9.376 0.94812611304
11.72 0.957789042213
14.064 0.967588769612
16.408 0.972115547243
18.752 0.97569966074
21.096 0.97978370957
23.44 0.981982430133
25.784 0.983753345338
28.128 0.985917244536
30.472 0.987158377523
32.816 0.988160735427
35.16 0.989575975247
37.504 0.990304736701
39.848 0.990968829903
42.192 0.991829415101
44.536 0.992341786635
46.88 0.992796951638
49.224 0.993381453145
51.568 0.993704794405
53.912 0.99406295703
56.256 0.994530558236
58.6 0.994776795041
60.944 0.995008108404
63.288 0.995391143434
65.632 0.995637380239
67.976 0.995818948793
70.32 0.99607513456
72.664 0.996259190353
75.008 0.996478067514
77.352 0.996607404017
79.696 0.996709380876
82.04 0.996883487708
84.384 0.997015311452
86.728 0.997139673475
89.072 0.9972764717
91.416 0.997361037876
93.76 0.997467989215
96.104 0.997627172605
98.448 0.997696815337
100.792 0.997788843234
103.136 0.997880871131
105.48 0.997938077662
107.824 0.998005233154
110.168 0.998107210013
112.512 0.99814700586
114.856 0.99819923791
117.2 0.998273855123
119.544 0.99831116373
121.888 0.99836339578
124.232 0.998415627829
126.576 0.998462885398
128.92 0.998502681245
131.264 0.998559887776
133.608 0.998604658104
135.952 0.99863699223
138.296 0.998684249799
140.64 0.998699173241
142.984 0.998729020127
145.328 0.998766328734
147.672 0.998783739417
150.016 0.998816073543
152.36 0.998833484226
154.704 0.99885835663
157.048 0.998890690756
159.392 0.998915563161
161.736 0.998940435566
164.08 0.998970282451
166.424 0.998980231413
168.768 0.999012565539
171.112 0.999049874146
173.456 0.999069772069
175.8 0.999082208272
178.144 0.999136927562
180.488 0.999156825485
182.832 0.999171748928
185.176 0.999189159611
187.52 0.999209057535
189.864 0.999221493737
192.208 0.999231442699
194.552 0.999243878901
196.896 0.999251340623
199.24 0.999278700268
201.584 0.999286161989
203.928 0.99929362371
206.272 0.999323470596
208.616 0.99934585576
210.96 0.999348343
213.304 0.999365753684
215.648 0.999380677126
217.992 0.999388138848
220.336 0.99940306229
222.68 0.999413011252
225.024 0.999442858138
227.368 0.999442858138
229.712 0.999445345378
232.056 0.99945778158
234.4 0.999462756061
236.744 0.999467730542
239.088 0.999472705023
241.432 0.999480166745
243.776 0.999490115706
246.12 0.99950752639
248.464 0.99951001363
250.808 0.999517475351
253.152 0.999527424313
255.496 0.999534886035
257.84 0.999542347756
260.184 0.999549809477
262.528 0.999552296718
264.872 0.999552296718
267.216 0.999559758439
269.56 0.999567220161
271.904 0.999574681882
274.248 0.999584630844
276.592 0.999589605325
278.936 0.999594579806
281.28 0.999604528767
283.624 0.999607016008
285.968 0.999611990489
288.312 0.99961945221
290.656 0.999626913932
293.0 0.999636862893
295.344 0.999641837374
297.688 0.999644324615
300.032 0.999651786336
302.376 0.999661735298
304.72 0.999664222538
307.064 0.999669197019
309.408 0.99967168426
311.752 0.9996741715
314.096 0.999676658741
316.44 0.999679145981
318.784 0.999679145981
321.128 0.999681633222
323.472 0.999684120462
325.816 0.999686607702
328.16 0.999694069424
330.504 0.999694069424
332.848 0.999699043905
335.192 0.999706505626
337.536 0.999711480107
339.88 0.999713967348
342.224 0.999716454588
344.568 0.999716454588
346.912 0.999716454588
349.256 0.999718941828
351.6 0.999721429069
353.944 0.99972640355
356.288 0.999731378031
358.632 0.999731378031
360.976 0.999731378031
363.32 0.999733865271
365.664 0.999733865271
368.008 0.999738839752
370.352 0.999738839752
372.696 0.999741326993
375.04 0.999746301473
377.384 0.999748788714
379.728 0.999748788714
382.072 0.999751275954
384.416 0.999753763195
386.76 0.999753763195
389.104 0.999761224916
391.448 0.999761224916
393.792 0.999763712157
396.136 0.999766199397
398.48 0.999771173878
400.824 0.999776148359
403.168 0.999791071802
405.512 0.999791071802
407.856 0.999791071802
410.2 0.999793559042
412.544 0.999798533523
414.888 0.999798533523
417.232 0.999803508004
419.576 0.999803508004
421.92 0.999803508004
424.264 0.999805995244
426.608 0.999808482485
428.952 0.999808482485
431.296 0.999808482485
433.64 0.999810969725
435.984 0.999810969725
438.328 0.999813456966
440.672 0.999813456966
443.016 0.999815944206
445.36 0.999820918687
447.704 0.999825893168
450.048 0.999825893168
452.392 0.999825893168
454.736 0.999833354889
457.08 0.99983584213
459.424 0.99983584213
461.768 0.99983584213
464.112 0.99983584213
466.456 0.99983832937
468.8 0.999840816611
471.144 0.999840816611
473.488 0.999840816611
475.832 0.999843303851
478.176 0.999845791092
480.52 0.999845791092
482.864 0.999845791092
485.208 0.999845791092
487.552 0.999848278332
489.896 0.999850765573
492.24 0.999850765573
494.584 0.999850765573
496.928 0.999850765573
499.272 0.999853252813
501.616 0.999858227294
503.96 0.999858227294
506.304 0.999858227294
508.648 0.999858227294
510.992 0.999860714534
513.336 0.999863201775
515.68 0.999863201775
518.024 0.999868176256
520.368 0.999870663496
522.712 0.999873150737
525.056 0.999875637977
527.4 0.999875637977
529.744 0.999875637977
532.088 0.999875637977
534.432 0.999875637977
536.776 0.999875637977
539.12 0.999875637977
541.464 0.999875637977
543.808 0.999875637977
546.152 0.999878125218
548.496 0.999878125218
550.84 0.999880612458
553.184 0.999880612458
555.528 0.999883099699
557.872 0.999883099699
560.216 0.999888074179
562.56 0.99989056142
564.904 0.99989056142
567.248 0.99989304866
569.592 0.99989304866
571.936 0.99989304866
574.28 0.99989304866
576.624 0.99989304866
578.968 0.99989304866
581.312 0.99989304866
583.656 0.99989304866
586.0 0.999895535901
588.344 0.999895535901
590.688 0.999898023141
593.032 0.999900510382
595.376 0.999900510382
597.72 0.999900510382
600.064 0.999900510382
602.408 0.999902997622
604.752 0.999902997622
607.096 0.999905484863
609.44 0.999905484863
611.784 0.999905484863
614.128 0.999907972103
616.472 0.999907972103
618.816 0.999907972103
621.16 0.999910459344
623.504 0.999910459344
625.848 0.999910459344
628.192 0.999910459344
630.536 0.999910459344
632.88 0.999910459344
635.224 0.999910459344
637.568 0.999910459344
639.912 0.999910459344
642.256 0.999910459344
644.6 0.999910459344
646.944 0.999910459344
649.288 0.999910459344
651.632 0.999910459344
653.976 0.999912946584
656.32 0.999912946584
658.664 0.999915433824
661.008 0.999915433824
663.352 0.999915433824
665.696 0.999915433824
668.04 0.999915433824
670.384 0.999915433824
672.728 0.999917921065
675.072 0.999920408305
677.416 0.999922895546
679.76 0.999922895546
682.104 0.999922895546
684.448 0.999922895546
686.792 0.999922895546
689.136 0.999922895546
691.48 0.999925382786
693.824 0.999925382786
696.168 0.999925382786
698.512 0.999930357267
700.856 0.999930357267
703.2 0.999930357267
705.544 0.999930357267
707.888 0.999932844508
710.232 0.999932844508
712.576 0.999932844508
714.92 0.999932844508
717.264 0.999935331748
719.608 0.999935331748
721.952 0.999937818989
724.296 0.999937818989
726.64 0.999937818989
728.984 0.999937818989
731.328 0.999937818989
733.672 0.999940306229
736.016 0.999940306229
738.36 0.999940306229
740.704 0.999940306229
743.048 0.99994279347
745.392 0.99994279347
747.736 0.99994528071
750.08 0.99994528071
752.424 0.99994528071
754.768 0.99994528071
757.112 0.99994528071
759.456 0.99994528071
761.8 0.99994528071
764.144 0.99994776795
766.488 0.99994776795
768.832 0.99994776795
771.176 0.99994776795
773.52 0.99994776795
775.864 0.99994776795
778.208 0.999950255191
780.552 0.999950255191
782.896 0.999950255191
785.24 0.999950255191
787.584 0.999950255191
789.928 0.999950255191
792.272 0.999950255191
794.616 0.999950255191
796.96 0.999950255191
799.304 0.999950255191
801.648 0.999950255191
803.992 0.999950255191
806.336 0.999952742431
808.68 0.999952742431
811.024 0.999952742431
813.368 0.999952742431
815.712 0.999952742431
818.056 0.999952742431
820.4 0.999952742431
822.744 0.999952742431
825.088 0.999952742431
827.432 0.999952742431
829.776 0.999952742431
832.12 0.999952742431
834.464 0.999952742431
836.808 0.999952742431
839.152 0.999952742431
841.496 0.999952742431
843.84 0.999952742431
846.184 0.999952742431
848.528 0.999952742431
850.872 0.999952742431
853.216 0.999952742431
855.56 0.999952742431
857.904 0.999955229672
860.248 0.999955229672
862.592 0.999955229672
864.936 0.999957716912
867.28 0.999960204153
869.624 0.999960204153
871.968 0.999960204153
874.312 0.999960204153
876.656 0.999960204153
879.0 0.999960204153
881.344 0.999960204153
883.688 0.999960204153
886.032 0.999960204153
888.376 0.999960204153
890.72 0.999960204153
893.064 0.999960204153
895.408 0.999960204153
897.752 0.999960204153
900.096 0.999960204153
902.44 0.999960204153
904.784 0.999960204153
907.128 0.999960204153
909.472 0.999962691393
911.816 0.999962691393
914.16 0.999962691393
916.504 0.999962691393
918.848 0.999962691393
921.192 0.999962691393
923.536 0.999962691393
925.88 0.999965178634
928.224 0.999965178634
930.568 0.999965178634
932.912 0.999965178634
935.256 0.999965178634
937.6 0.999965178634
939.944 0.999965178634
942.288 0.999967665874
944.632 0.999967665874
946.976 0.999967665874
949.32 0.999967665874
951.664 0.999967665874
954.008 0.999967665874
956.352 0.999967665874
958.696 0.999967665874
961.04 0.999967665874
963.384 0.999967665874
965.728 0.999967665874
968.072 0.999967665874
970.416 0.999967665874
972.76 0.999967665874
975.104 0.999967665874
977.448 0.999967665874
979.792 0.999967665874
982.136 0.999967665874
984.48 0.999967665874
986.824 0.999967665874
989.168 0.999967665874
991.512 0.999967665874
993.856 0.999967665874
996.2 0.999967665874
998.544 0.999967665874
1000.888 0.999967665874
1003.232 0.999967665874
1005.576 0.999967665874
1007.92 0.999967665874
1010.264 0.999967665874
1012.608 0.999967665874
1014.952 0.999967665874
1017.296 0.999967665874
1019.64 0.999967665874
1021.984 0.999970153115
1024.328 0.999970153115
1026.672 0.999970153115
1029.016 0.999972640355
1031.36 0.999972640355
1033.704 0.999972640355
1036.048 0.999975127595
1038.392 0.999975127595
1040.736 0.999975127595
1043.08 0.999975127595
1045.424 0.999975127595
1047.768 0.999975127595
1050.112 0.999975127595
1052.456 0.999975127595
1054.8 0.999977614836
1057.144 0.999977614836
1059.488 0.999977614836
1061.832 0.999977614836
1064.176 0.999977614836
1066.52 0.999977614836
1068.864 0.999977614836
1071.208 0.999977614836
1073.552 0.999977614836
1075.896 0.999977614836
1078.24 0.999977614836
1080.584 0.999977614836
1082.928 0.999977614836
1085.272 0.999977614836
1087.616 0.999977614836
1089.96 0.999977614836
1092.304 0.999977614836
1094.648 0.999977614836
1096.992 0.999977614836
1099.336 0.999977614836
1101.68 0.999977614836
1104.024 0.999977614836
1106.368 0.999977614836
1108.712 0.999977614836
1111.056 0.999977614836
1113.4 0.999977614836
1115.744 0.999977614836
1118.088 0.999977614836
1120.432 0.999977614836
1122.776 0.999977614836
1125.12 0.999977614836
1127.464 0.999977614836
1129.808 0.999977614836
1132.152 0.999977614836
1134.496 0.999977614836
1136.84 0.999977614836
1139.184 0.999977614836
1141.528 0.999977614836
1143.872 0.999977614836
1146.216 0.999977614836
1148.56 0.999977614836
1150.904 0.999977614836
1153.248 0.999977614836
1155.592 0.999977614836
1157.936 0.999977614836
1160.28 0.999977614836
1162.624 0.999977614836
1164.968 0.999977614836
1167.312 0.999977614836
1169.656 0.999977614836
1172.0 0.999977614836
1174.344 0.999977614836
1176.688 0.999977614836
1179.032 0.999977614836
1181.376 0.999977614836
1183.72 0.999977614836
1186.064 0.999977614836
1188.408 0.999977614836
1190.752 0.999977614836
1193.096 0.999977614836
1195.44 0.999977614836
1197.784 0.999977614836
1200.128 0.999977614836
1202.472 0.999977614836
1204.816 0.999977614836
1207.16 0.999977614836
1209.504 0.999980102076
1211.848 0.999980102076
1214.192 0.999980102076
1216.536 0.999980102076
1218.88 0.999980102076
1221.224 0.999980102076
1223.568 0.999980102076
1225.912 0.999980102076
1228.256 0.999980102076
1230.6 0.999980102076
1232.944 0.999980102076
1235.288 0.999980102076
1237.632 0.999980102076
1239.976 0.999980102076
1242.32 0.999980102076
1244.664 0.999980102076
1247.008 0.999980102076
1249.352 0.999980102076
1251.696 0.999980102076
1254.04 0.999980102076
1256.384 0.999980102076
1258.728 0.999980102076
1261.072 0.999980102076
1263.416 0.999980102076
1265.76 0.999980102076
1268.104 0.999980102076
1270.448 0.999980102076
1272.792 0.999980102076
1275.136 0.999980102076
1277.48 0.999980102076
1279.824 0.999980102076
1282.168 0.999980102076
1284.512 0.999980102076
1286.856 0.999980102076
1289.2 0.999980102076
1291.544 0.999980102076
1293.888 0.999980102076
1296.232 0.999980102076
1298.576 0.999980102076
1300.92 0.999980102076
1303.264 0.999980102076
1305.608 0.999980102076
1307.952 0.999980102076
1310.296 0.999980102076
1312.64 0.999980102076
1314.984 0.999980102076
1317.328 0.999980102076
1319.672 0.999980102076
1322.016 0.999980102076
1324.36 0.999980102076
1326.704 0.999980102076
1329.048 0.999980102076
1331.392 0.999980102076
1333.736 0.999980102076
1336.08 0.999980102076
1338.424 0.999980102076
1340.768 0.999980102076
1343.112 0.999980102076
1345.456 0.999980102076
1347.8 0.999980102076
1350.144 0.999980102076
1352.488 0.999980102076
1354.832 0.999980102076
1357.176 0.999982589317
1359.52 0.999982589317
1361.864 0.999982589317
1364.208 0.999982589317
1366.552 0.999982589317
1368.896 0.999982589317
1371.24 0.999982589317
1373.584 0.999982589317
1375.928 0.999982589317
1378.272 0.999982589317
1380.616 0.999982589317
1382.96 0.999982589317
1385.304 0.999982589317
1387.648 0.999982589317
1389.992 0.999982589317
1392.336 0.999982589317
1394.68 0.999982589317
1397.024 0.999982589317
1399.368 0.999982589317
1401.712 0.999982589317
1404.056 0.999982589317
1406.4 0.999982589317
1408.744 0.999982589317
1411.088 0.999982589317
1413.432 0.999982589317
1415.776 0.999982589317
1418.12 0.999982589317
1420.464 0.999982589317
1422.808 0.999982589317
1425.152 0.999982589317
1427.496 0.999982589317
1429.84 0.999982589317
1432.184 0.999985076557
1434.528 0.999985076557
1436.872 0.999985076557
1439.216 0.999985076557
1441.56 0.999985076557
1443.904 0.999985076557
1446.248 0.999985076557
1448.592 0.999985076557
1450.936 0.999985076557
1453.28 0.999985076557
1455.624 0.999987563798
1457.968 0.999987563798
1460.312 0.999987563798
1462.656 0.999987563798
1465.0 0.999987563798
1467.344 0.999987563798
1469.688 0.999987563798
1472.032 0.999987563798
1474.376 0.999987563798
1476.72 0.999987563798
1479.064 0.999987563798
1481.408 0.999987563798
1483.752 0.999987563798
1486.096 0.999987563798
1488.44 0.999990051038
1490.784 0.999990051038
1493.128 0.999990051038
1495.472 0.999990051038
1497.816 0.999990051038
1500.16 0.999990051038
1502.504 0.999990051038
1504.848 0.999990051038
1507.192 0.999990051038
1509.536 0.999990051038
1511.88 0.999990051038
1514.224 0.999990051038
1516.568 0.999990051038
1518.912 0.999990051038
1521.256 0.999990051038
1523.6 0.999990051038
1525.944 0.999990051038
1528.288 0.999990051038
1530.632 0.999990051038
1532.976 0.999990051038
1535.32 0.999990051038
1537.664 0.999990051038
1540.008 0.999990051038
1542.352 0.999990051038
1544.696 0.999990051038
1547.04 0.999990051038
1549.384 0.999990051038
1551.728 0.999990051038
1554.072 0.999990051038
1556.416 0.999990051038
1558.76 0.999990051038
1561.104 0.999990051038
1563.448 0.999990051038
1565.792 0.999990051038
1568.136 0.999990051038
1570.48 0.999990051038
1572.824 0.999992538279
1575.168 0.999992538279
1577.512 0.999992538279
1579.856 0.999992538279
1582.2 0.999992538279
1584.544 0.999992538279
1586.888 0.999992538279
1589.232 0.999992538279
1591.576 0.999992538279
1593.92 0.999992538279
1596.264 0.999992538279
1598.608 0.999992538279
1600.952 0.999992538279
1603.296 0.999992538279
1605.64 0.999995025519
1607.984 0.999995025519
1610.328 0.999995025519
1612.672 0.999995025519
1615.016 0.999995025519
1617.36 0.999995025519
1619.704 0.999995025519
1622.048 0.999995025519
1624.392 0.999995025519
1626.736 0.999995025519
1629.08 0.999995025519
1631.424 0.999995025519
1633.768 0.999995025519
1636.112 0.999995025519
1638.456 0.999995025519
1640.8 0.999995025519
1643.144 0.999995025519
1645.488 0.999995025519
1647.832 0.999995025519
1650.176 0.999995025519
1652.52 0.999995025519
1654.864 0.999995025519
1657.208 0.999995025519
1659.552 0.999995025519
1661.896 0.999995025519
1664.24 0.999995025519
1666.584 0.999995025519
1668.928 0.999995025519
1671.272 0.999995025519
1673.616 0.999995025519
1675.96 0.999995025519
1678.304 0.999995025519
1680.648 0.999995025519
1682.992 0.999995025519
1685.336 0.999995025519
1687.68 0.999995025519
1690.024 0.999995025519
1692.368 0.999995025519
1694.712 0.999995025519
1697.056 0.999995025519
1699.4 0.999995025519
1701.744 0.999995025519
1704.088 0.999995025519
1706.432 0.999995025519
1708.776 0.999995025519
1711.12 0.999995025519
1713.464 0.999995025519
1715.808 0.999995025519
1718.152 0.999995025519
1720.496 0.999995025519
1722.84 0.999995025519
1725.184 0.999995025519
1727.528 0.999995025519
1729.872 0.999995025519
1732.216 0.999995025519
1734.56 0.999995025519
1736.904 0.999995025519
1739.248 0.999995025519
1741.592 0.999995025519
1743.936 0.999995025519
1746.28 0.999995025519
1748.624 0.999995025519
1750.968 0.999995025519
1753.312 0.999995025519
1755.656 0.999995025519
1758.0 0.999995025519
1760.344 0.999995025519
1762.688 0.999995025519
1765.032 0.999995025519
1767.376 0.999995025519
1769.72 0.999995025519
1772.064 0.999995025519
1774.408 0.999995025519
1776.752 0.999995025519
1779.096 0.999995025519
1781.44 0.999995025519
1783.784 0.999995025519
1786.128 0.999995025519
1788.472 0.999995025519
1790.816 0.999995025519
1793.16 0.999995025519
1795.504 0.999995025519
1797.848 0.999995025519
1800.192 0.999995025519
1802.536 0.999995025519
1804.88 0.999995025519
1807.224 0.999995025519
1809.568 0.999995025519
1811.912 0.999995025519
1814.256 0.999995025519
1816.6 0.999995025519
1818.944 0.999995025519
1821.288 0.999995025519
1823.632 0.999995025519
1825.976 0.999995025519
1828.32 0.999995025519
1830.664 0.999995025519
1833.008 0.999995025519
1835.352 0.999995025519
1837.696 0.999995025519
1840.04 0.999995025519
1842.384 0.999995025519
1844.728 0.999995025519
1847.072 0.999995025519
1849.416 0.999995025519
1851.76 0.999995025519
1854.104 0.999995025519
1856.448 0.999995025519
1858.792 0.999995025519
1861.136 0.999995025519
1863.48 0.999995025519
1865.824 0.999995025519
1868.168 0.999995025519
1870.512 0.999995025519
1872.856 0.999995025519
1875.2 0.999995025519
1877.544 0.999995025519
1879.888 0.999995025519
1882.232 0.999995025519
1884.576 0.999995025519
1886.92 0.999995025519
1889.264 0.999995025519
1891.608 0.999995025519
1893.952 0.999995025519
1896.296 0.999995025519
1898.64 0.999995025519
1900.984 0.999995025519
1903.328 0.999995025519
1905.672 0.999995025519
1908.016 0.999995025519
1910.36 0.999995025519
1912.704 0.999995025519
1915.048 0.999995025519
1917.392 0.999995025519
1919.736 0.999995025519
1922.08 0.999995025519
1924.424 0.999995025519
1926.768 0.999995025519
1929.112 0.999995025519
1931.456 0.999995025519
1933.8 0.999995025519
1936.144 0.999995025519
1938.488 0.999995025519
1940.832 0.999995025519
1943.176 0.99999751276
1945.52 0.99999751276
1947.864 0.99999751276
1950.208 0.99999751276
1952.552 0.99999751276
1954.896 0.99999751276
1957.24 0.99999751276
1959.584 0.99999751276
1961.928 0.99999751276
1964.272 0.99999751276
1966.616 0.99999751276
1968.96 0.99999751276
1971.304 0.99999751276
1973.648 0.99999751276
1975.992 0.99999751276
1978.336 0.99999751276
1980.68 0.99999751276
1983.024 0.99999751276
1985.368 0.99999751276
1987.712 0.99999751276
1990.056 0.99999751276
1992.4 0.99999751276
1994.744 0.99999751276
1997.088 0.99999751276
1999.432 0.99999751276
2001.776 0.99999751276
2004.12 0.99999751276
2006.464 0.99999751276
2008.808 0.99999751276
2011.152 0.99999751276
2013.496 0.99999751276
2015.84 0.99999751276
2018.184 0.99999751276
2020.528 0.99999751276
2022.872 0.99999751276
2025.216 0.99999751276
2027.56 0.99999751276
2029.904 0.99999751276
2032.248 0.99999751276
2034.592 0.99999751276
2036.936 0.99999751276
2039.28 0.99999751276
2041.624 0.99999751276
2043.968 0.99999751276
2046.312 0.99999751276
2048.656 0.99999751276
2051.0 0.99999751276
2053.344 0.99999751276
2055.688 0.99999751276
2058.032 0.99999751276
2060.376 0.99999751276
2062.72 0.99999751276
2065.064 0.99999751276
2067.408 0.99999751276
2069.752 0.99999751276
2072.096 0.99999751276
2074.44 0.99999751276
2076.784 0.99999751276
2079.128 0.99999751276
2081.472 0.99999751276
2083.816 0.99999751276
2086.16 0.99999751276
2088.504 0.99999751276
2090.848 0.99999751276
2093.192 0.99999751276
2095.536 0.99999751276
2097.88 0.99999751276
2100.224 0.99999751276
2102.568 0.99999751276
2104.912 0.99999751276
2107.256 0.99999751276
2109.6 0.99999751276
2111.944 0.99999751276
2114.288 0.99999751276
2116.632 0.99999751276
2118.976 0.99999751276
2121.32 0.99999751276
2123.664 0.99999751276
2126.008 0.99999751276
2128.352 0.99999751276
2130.696 0.99999751276
2133.04 0.99999751276
2135.384 0.99999751276
2137.728 0.99999751276
2140.072 0.99999751276
2142.416 0.99999751276
2144.76 0.99999751276
2147.104 0.99999751276
2149.448 0.99999751276
2151.792 0.99999751276
2154.136 0.99999751276
2156.48 0.99999751276
2158.824 0.99999751276
2161.168 0.99999751276
2163.512 0.99999751276
2165.856 0.99999751276
2168.2 0.99999751276
2170.544 0.99999751276
2172.888 0.99999751276
2175.232 0.99999751276
2177.576 0.99999751276
2179.92 0.99999751276
2182.264 0.99999751276
2184.608 0.99999751276
2186.952 0.99999751276
2189.296 0.99999751276
2191.64 0.99999751276
2193.984 0.99999751276
2196.328 0.99999751276
2198.672 0.99999751276
2201.016 0.99999751276
2203.36 0.99999751276
2205.704 0.99999751276
2208.048 0.99999751276
2210.392 0.99999751276
2212.736 0.99999751276
2215.08 0.99999751276
2217.424 0.99999751276
2219.768 0.99999751276
2222.112 0.99999751276
2224.456 0.99999751276
2226.8 0.99999751276
2229.144 0.99999751276
2231.488 0.99999751276
2233.832 0.99999751276
2236.176 0.99999751276
2238.52 0.99999751276
2240.864 0.99999751276
2243.208 0.99999751276
2245.552 0.99999751276
2247.896 0.99999751276
2250.24 0.99999751276
2252.584 0.99999751276
2254.928 0.99999751276
2257.272 0.99999751276
2259.616 0.99999751276
2261.96 0.99999751276
2264.304 0.99999751276
2266.648 0.99999751276
2268.992 0.99999751276
2271.336 0.99999751276
2273.68 0.99999751276
2276.024 0.99999751276
2278.368 0.99999751276
2280.712 0.99999751276
2283.056 0.99999751276
2285.4 0.99999751276
2287.744 0.99999751276
2290.088 0.99999751276
2292.432 0.99999751276
2294.776 0.99999751276
2297.12 0.99999751276
2299.464 0.99999751276
2301.808 0.99999751276
2304.152 0.99999751276
2306.496 0.99999751276
2308.84 0.99999751276
2311.184 0.99999751276
2313.528 0.99999751276
2315.872 0.99999751276
2318.216 0.99999751276
2320.56 0.99999751276
2322.904 0.99999751276
2325.248 0.99999751276
2327.592 0.99999751276
2329.936 0.99999751276
2332.28 0.99999751276
2334.624 0.99999751276
2336.968 0.99999751276
2339.312 0.99999751276
2341.656 0.99999751276
2344.0 0.99999751276
2346.344 0.99999751276
2348.688 0.99999751276
2351.032 0.99999751276
2353.376 0.99999751276
2355.72 0.99999751276
2358.064 0.99999751276
2360.408 0.99999751276
2362.752 0.99999751276
2365.096 0.99999751276
2367.44 0.99999751276
2369.784 0.99999751276
2372.128 0.99999751276
2374.472 0.99999751276
2376.816 0.99999751276
2379.16 0.99999751276
2381.504 0.99999751276
2383.848 0.99999751276
2386.192 0.99999751276
2388.536 0.99999751276
2390.88 0.99999751276
2393.224 0.99999751276
2395.568 0.99999751276
2397.912 0.99999751276
2400.256 0.99999751276
2402.6 0.99999751276
2404.944 0.99999751276
2407.288 0.99999751276
2409.632 0.99999751276
2411.976 0.99999751276
2414.32 0.99999751276
2416.664 0.99999751276
2419.008 0.99999751276
2421.352 0.99999751276
2423.696 0.99999751276
2426.04 0.99999751276
2428.384 0.99999751276
2430.728 0.99999751276
2433.072 0.99999751276
2435.416 0.99999751276
2437.76 0.99999751276
2440.104 0.99999751276
2442.448 0.99999751276
2444.792 0.99999751276
2447.136 0.99999751276
2449.48 0.99999751276
2451.824 0.99999751276
2454.168 0.99999751276
2456.512 0.99999751276
2458.856 0.99999751276
2461.2 0.99999751276
2463.544 0.99999751276
2465.888 0.99999751276
2468.232 0.99999751276
2470.576 0.99999751276
2472.92 0.99999751276
2475.264 0.99999751276
2477.608 0.99999751276
2479.952 0.99999751276
2482.296 0.99999751276
2484.64 0.99999751276
2486.984 0.99999751276
2489.328 0.99999751276
2491.672 0.99999751276
2494.016 0.99999751276
2496.36 0.99999751276
2498.704 0.99999751276
2501.048 0.99999751276
2503.392 0.99999751276
2505.736 0.99999751276
2508.08 0.99999751276
2510.424 0.99999751276
2512.768 0.99999751276
2515.112 0.99999751276
2517.456 0.99999751276
2519.8 0.99999751276
2522.144 0.99999751276
2524.488 0.99999751276
2526.832 0.99999751276
2529.176 0.99999751276
2531.52 0.99999751276
2533.864 0.99999751276
2536.208 0.99999751276
2538.552 0.99999751276
2540.896 0.99999751276
2543.24 0.99999751276
2545.584 0.99999751276
2547.928 0.99999751276
2550.272 0.99999751276
2552.616 0.99999751276
2554.96 0.99999751276
2557.304 0.99999751276
2559.648 0.99999751276
2561.992 0.99999751276
2564.336 0.99999751276
2566.68 0.99999751276
2569.024 0.99999751276
2571.368 0.99999751276
2573.712 0.99999751276
2576.056 0.99999751276
2578.4 0.99999751276
2580.744 0.99999751276
2583.088 0.99999751276
2585.432 0.99999751276
2587.776 0.99999751276
2590.12 0.99999751276
2592.464 0.99999751276
2594.808 0.99999751276
2597.152 0.99999751276
2599.496 0.99999751276
2601.84 0.99999751276
2604.184 0.99999751276
2606.528 0.99999751276
2608.872 0.99999751276
2611.216 0.99999751276
2613.56 0.99999751276
2615.904 0.99999751276
2618.248 0.99999751276
2620.592 0.99999751276
2622.936 0.99999751276
2625.28 0.99999751276
2627.624 0.99999751276
2629.968 0.99999751276
2632.312 0.99999751276
2634.656 0.99999751276
2637.0 0.99999751276
2639.344 0.99999751276
2641.688 0.99999751276
2644.032 0.99999751276
2646.376 0.99999751276
2648.72 0.99999751276
2651.064 0.99999751276
2653.408 0.99999751276
2655.752 0.99999751276
2658.096 0.99999751276
2660.44 0.99999751276
2662.784 0.99999751276
2665.128 0.99999751276
2667.472 0.99999751276
2669.816 0.99999751276
2672.16 0.99999751276
2674.504 0.99999751276
2676.848 0.99999751276
2679.192 0.99999751276
2681.536 0.99999751276
2683.88 0.99999751276
2686.224 0.99999751276
2688.568 0.99999751276
2690.912 0.99999751276
2693.256 0.99999751276
2695.6 0.99999751276
2697.944 0.99999751276
2700.288 0.99999751276
2702.632 0.99999751276
2704.976 0.99999751276
2707.32 0.99999751276
2709.664 0.99999751276
2712.008 0.99999751276
2714.352 0.99999751276
2716.696 0.99999751276
2719.04 0.99999751276
2721.384 0.99999751276
2723.728 0.99999751276
2726.072 0.99999751276
2728.416 0.99999751276
2730.76 0.99999751276
2733.104 0.99999751276
2735.448 0.99999751276
2737.792 0.99999751276
2740.136 0.99999751276
2742.48 0.99999751276
2744.824 0.99999751276
2747.168 0.99999751276
2749.512 0.99999751276
2751.856 0.99999751276
2754.2 0.99999751276
2756.544 0.99999751276
2758.888 0.99999751276
2761.232 0.99999751276
2763.576 0.99999751276
2765.92 0.99999751276
2768.264 0.99999751276
2770.608 0.99999751276
2772.952 0.99999751276
2775.296 0.99999751276
2777.64 0.99999751276
2779.984 0.99999751276
2782.328 0.99999751276
2784.672 0.99999751276
2787.016 0.99999751276
2789.36 0.99999751276
2791.704 0.99999751276
2794.048 0.99999751276
2796.392 0.99999751276
2798.736 0.99999751276
2801.08 0.99999751276
2803.424 0.99999751276
2805.768 0.99999751276
2808.112 0.99999751276
2810.456 0.99999751276
2812.8 0.99999751276
2815.144 0.99999751276
2817.488 0.99999751276
2819.832 0.99999751276
2822.176 0.99999751276
2824.52 0.99999751276
2826.864 0.99999751276
2829.208 0.99999751276
2831.552 0.99999751276
2833.896 0.99999751276
2836.24 0.99999751276
2838.584 0.99999751276
2840.928 0.99999751276
2843.272 0.99999751276
2845.616 0.99999751276
2847.96 0.99999751276
2850.304 0.99999751276
2852.648 0.99999751276
2854.992 0.99999751276
2857.336 0.99999751276
2859.68 0.99999751276
2862.024 0.99999751276
2864.368 0.99999751276
2866.712 0.99999751276
2869.056 0.99999751276
2871.4 0.99999751276
2873.744 0.99999751276
2876.088 0.99999751276
2878.432 0.99999751276
2880.776 0.99999751276
2883.12 0.99999751276
2885.464 0.99999751276
2887.808 0.99999751276
2890.152 0.99999751276
2892.496 0.99999751276
2894.84 0.99999751276
2897.184 0.99999751276
2899.528 0.99999751276
2901.872 0.99999751276
2904.216 0.99999751276
2906.56 0.99999751276
2908.904 0.99999751276
2911.248 0.99999751276
2913.592 0.99999751276
2915.936 0.99999751276
2918.28 0.99999751276
2920.624 0.99999751276
2922.968 0.99999751276
2925.312 0.99999751276
2927.656 0.99999751276
2930.0 0.99999751276
2932.344 0.99999751276
2934.688 0.99999751276
2937.032 0.99999751276
2939.376 0.99999751276
2941.72 0.99999751276
2944.064 0.99999751276
2946.408 0.99999751276
2948.752 0.99999751276
2951.096 0.99999751276
2953.44 0.99999751276
2955.784 0.99999751276
2958.128 0.99999751276
2960.472 0.99999751276
2962.816 0.99999751276
2965.16 0.99999751276
2967.504 0.99999751276
2969.848 0.99999751276
2972.192 0.99999751276
2974.536 0.99999751276
2976.88 0.99999751276
2979.224 0.99999751276
2981.568 0.99999751276
2983.912 0.99999751276
2986.256 0.99999751276
2988.6 0.99999751276
2990.944 0.99999751276
2993.288 0.99999751276
2995.632 0.99999751276
2997.976 0.99999751276
3000.32 0.99999751276
3002.664 0.99999751276
3005.008 0.99999751276
3007.352 0.99999751276
3009.696 0.99999751276
3012.04 0.99999751276
3014.384 0.99999751276
3016.728 0.99999751276
3019.072 0.99999751276
3021.416 0.99999751276
3023.76 0.99999751276
3026.104 0.99999751276
3028.448 0.99999751276
3030.792 0.99999751276
3033.136 0.99999751276
3035.48 0.99999751276
3037.824 0.99999751276
3040.168 0.99999751276
3042.512 0.99999751276
3044.856 0.99999751276
3047.2 0.99999751276
3049.544 0.99999751276
3051.888 0.99999751276
3054.232 0.99999751276
3056.576 0.99999751276
3058.92 0.99999751276
3061.264 0.99999751276
3063.608 0.99999751276
3065.952 0.99999751276
3068.296 0.99999751276
3070.64 0.99999751276
3072.984 0.99999751276
3075.328 0.99999751276
3077.672 0.99999751276
3080.016 0.99999751276
3082.36 0.99999751276
3084.704 0.99999751276
3087.048 0.99999751276
3089.392 0.99999751276
3091.736 0.99999751276
3094.08 0.99999751276
3096.424 0.99999751276
3098.768 0.99999751276
3101.112 0.99999751276
3103.456 0.99999751276
3105.8 0.99999751276
3108.144 0.99999751276
3110.488 0.99999751276
3112.832 0.99999751276
3115.176 0.99999751276
3117.52 0.99999751276
3119.864 0.99999751276
3122.208 0.99999751276
3124.552 0.99999751276
3126.896 0.99999751276
3129.24 0.99999751276
3131.584 0.99999751276
3133.928 0.99999751276
3136.272 0.99999751276
3138.616 0.99999751276
3140.96 0.99999751276
3143.304 0.99999751276
3145.648 0.99999751276
3147.992 0.99999751276
3150.336 0.99999751276
3152.68 0.99999751276
3155.024 0.99999751276
3157.368 0.99999751276
3159.712 0.99999751276
3162.056 0.99999751276
3164.4 0.99999751276
3166.744 0.99999751276
3169.088 0.99999751276
3171.432 0.99999751276
3173.776 0.99999751276
3176.12 0.99999751276
3178.464 0.99999751276
3180.808 0.99999751276
3183.152 0.99999751276
3185.496 0.99999751276
3187.84 0.99999751276
3190.184 0.99999751276
3192.528 0.99999751276
3194.872 0.99999751276
3197.216 0.99999751276
3199.56 0.99999751276
3201.904 0.99999751276
3204.248 0.99999751276
3206.592 0.99999751276
3208.936 0.99999751276
3211.28 0.99999751276
3213.624 0.99999751276
3215.968 0.99999751276
3218.312 0.99999751276
3220.656 0.99999751276
3223.0 0.99999751276
3225.344 0.99999751276
3227.688 0.99999751276
3230.032 0.99999751276
3232.376 0.99999751276
3234.72 0.99999751276
3237.064 0.99999751276
3239.408 0.99999751276
3241.752 0.99999751276
3244.096 0.99999751276
3246.44 0.99999751276
3248.784 0.99999751276
3251.128 0.99999751276
3253.472 0.99999751276
3255.816 0.99999751276
3258.16 0.99999751276
3260.504 0.99999751276
3262.848 0.99999751276
3265.192 0.99999751276
3267.536 0.99999751276
3269.88 0.99999751276
3272.224 0.99999751276
3274.568 0.99999751276
3276.912 0.99999751276
3279.256 0.99999751276
3281.6 0.99999751276
3283.944 0.99999751276
3286.288 0.99999751276
3288.632 0.99999751276
3290.976 0.99999751276
3293.32 0.99999751276
3295.664 0.99999751276
3298.008 0.99999751276
3300.352 0.99999751276
3302.696 0.99999751276
3305.04 0.99999751276
3307.384 0.99999751276
3309.728 0.99999751276
3312.072 0.99999751276
3314.416 0.99999751276
3316.76 0.99999751276
3319.104 0.99999751276
3321.448 0.99999751276
3323.792 0.99999751276
3326.136 0.99999751276
3328.48 0.99999751276
3330.824 0.99999751276
3333.168 0.99999751276
3335.512 0.99999751276
3337.856 0.99999751276
3340.2 0.99999751276
3342.544 0.99999751276
3344.888 0.99999751276
3347.232 0.99999751276
3349.576 0.99999751276
3351.92 0.99999751276
3354.264 0.99999751276
3356.608 0.99999751276
3358.952 0.99999751276
3361.296 0.99999751276
3363.64 0.99999751276
3365.984 0.99999751276
3368.328 0.99999751276
3370.672 0.99999751276
3373.016 0.99999751276
3375.36 0.99999751276
3377.704 0.99999751276
3380.048 0.99999751276
3382.392 0.99999751276
3384.736 0.99999751276
3387.08 0.99999751276
3389.424 0.99999751276
3391.768 0.99999751276
3394.112 0.99999751276
3396.456 0.99999751276
3398.8 0.99999751276
3401.144 0.99999751276
3403.488 0.99999751276
3405.832 0.99999751276
3408.176 0.99999751276
3410.52 0.99999751276
3412.864 0.99999751276
3415.208 0.99999751276
3417.552 0.99999751276
3419.896 0.99999751276
3422.24 0.99999751276
3424.584 0.99999751276
3426.928 0.99999751276
3429.272 0.99999751276
3431.616 0.99999751276
3433.96 0.99999751276
3436.304 0.99999751276
3438.648 0.99999751276
3440.992 0.99999751276
3443.336 0.99999751276
3445.68 0.99999751276
3448.024 0.99999751276
3450.368 0.99999751276
3452.712 0.99999751276
3455.056 0.99999751276
3457.4 0.99999751276
3459.744 0.99999751276
3462.088 0.99999751276
3464.432 0.99999751276
3466.776 0.99999751276
3469.12 0.99999751276
3471.464 0.99999751276
3473.808 0.99999751276
3476.152 0.99999751276
3478.496 0.99999751276
3480.84 0.99999751276
3483.184 0.99999751276
3485.528 0.99999751276
3487.872 0.99999751276
3490.216 0.99999751276
3492.56 0.99999751276
3494.904 0.99999751276
3497.248 0.99999751276
3499.592 0.99999751276
3501.936 0.99999751276
3504.28 0.99999751276
3506.624 0.99999751276
3508.968 0.99999751276
3511.312 0.99999751276
3513.656 0.99999751276
3516.0 0.99999751276
3518.344 0.99999751276
3520.688 0.99999751276
3523.032 0.99999751276
3525.376 0.99999751276
3527.72 0.99999751276
3530.064 0.99999751276
3532.408 0.99999751276
3534.752 0.99999751276
3537.096 0.99999751276
3539.44 0.99999751276
3541.784 0.99999751276
3544.128 0.99999751276
3546.472 0.99999751276
3548.816 0.99999751276
3551.16 0.99999751276
3553.504 0.99999751276
3555.848 0.99999751276
3558.192 0.99999751276
3560.536 0.99999751276
3562.88 0.99999751276
3565.224 0.99999751276
3567.568 0.99999751276
3569.912 0.99999751276
3572.256 0.99999751276
3574.6 0.99999751276
3576.944 0.99999751276
3579.288 0.99999751276
3581.632 0.99999751276
3583.976 0.99999751276
3586.32 0.99999751276
3588.664 0.99999751276
3591.008 0.99999751276
3593.352 0.99999751276
3595.696 0.99999751276
3598.04 0.99999751276
3600.384 0.99999751276
3602.728 0.99999751276
3605.072 0.99999751276
3607.416 0.99999751276
3609.76 0.99999751276
3612.104 0.99999751276
3614.448 0.99999751276
3616.792 0.99999751276
3619.136 0.99999751276
3621.48 0.99999751276
3623.824 0.99999751276
3626.168 0.99999751276
3628.512 0.99999751276
3630.856 0.99999751276
3633.2 0.99999751276
3635.544 0.99999751276
3637.888 0.99999751276
3640.232 0.99999751276
3642.576 0.99999751276
3644.92 0.99999751276
3647.264 0.99999751276
3649.608 0.99999751276
3651.952 0.99999751276
3654.296 0.99999751276
3656.64 0.99999751276
3658.984 0.99999751276
3661.328 0.99999751276
3663.672 0.99999751276
3666.016 0.99999751276
3668.36 0.99999751276
3670.704 0.99999751276
3673.048 0.99999751276
3675.392 0.99999751276
3677.736 0.99999751276
3680.08 0.99999751276
3682.424 0.99999751276
3684.768 0.99999751276
3687.112 0.99999751276
3689.456 0.99999751276
3691.8 0.99999751276
3694.144 0.99999751276
3696.488 0.99999751276
3698.832 0.99999751276
3701.176 0.99999751276
3703.52 0.99999751276
3705.864 0.99999751276
3708.208 0.99999751276
3710.552 0.99999751276
3712.896 0.99999751276
3715.24 0.99999751276
3717.584 0.99999751276
3719.928 0.99999751276
3722.272 0.99999751276
3724.616 0.99999751276
3726.96 0.99999751276
3729.304 0.99999751276
3731.648 0.99999751276
3733.992 0.99999751276
3736.336 0.99999751276
3738.68 0.99999751276
3741.024 0.99999751276
3743.368 0.99999751276
3745.712 0.99999751276
3748.056 0.99999751276
3750.4 0.99999751276
3752.744 0.99999751276
3755.088 0.99999751276
3757.432 0.99999751276
3759.776 0.99999751276
3762.12 0.99999751276
3764.464 0.99999751276
3766.808 0.99999751276
3769.152 0.99999751276
3771.496 0.99999751276
3773.84 0.99999751276
3776.184 0.99999751276
3778.528 0.99999751276
3780.872 0.99999751276
3783.216 0.99999751276
3785.56 0.99999751276
3787.904 0.99999751276
3790.248 0.99999751276
3792.592 0.99999751276
3794.936 0.99999751276
3797.28 0.99999751276
3799.624 0.99999751276
3801.968 0.99999751276
3804.312 0.99999751276
3806.656 0.99999751276
3809.0 0.99999751276
3811.344 0.99999751276
3813.688 0.99999751276
3816.032 0.99999751276
3818.376 0.99999751276
3820.72 0.99999751276
3823.064 0.99999751276
3825.408 0.99999751276
3827.752 0.99999751276
3830.096 0.99999751276
3832.44 0.99999751276
3834.784 0.99999751276
3837.128 0.99999751276
3839.472 0.99999751276
3841.816 0.99999751276
3844.16 0.99999751276
3846.504 0.99999751276
3848.848 0.99999751276
3851.192 0.99999751276
3853.536 0.99999751276
3855.88 0.99999751276
3858.224 0.99999751276
3860.568 0.99999751276
3862.912 0.99999751276
3865.256 0.99999751276
3867.6 0.99999751276
3869.944 0.99999751276
3872.288 0.99999751276
3874.632 0.99999751276
3876.976 0.99999751276
3879.32 0.99999751276
3881.664 0.99999751276
3884.008 0.99999751276
3886.352 0.99999751276
3888.696 0.99999751276
3891.04 0.99999751276
3893.384 0.99999751276
3895.728 0.99999751276
3898.072 0.99999751276
3900.416 0.99999751276
3902.76 0.99999751276
3905.104 0.99999751276
3907.448 0.99999751276
3909.792 0.99999751276
3912.136 0.99999751276
3914.48 0.99999751276
3916.824 0.99999751276
3919.168 0.99999751276
3921.512 0.99999751276
3923.856 0.99999751276
3926.2 0.99999751276
3928.544 0.99999751276
3930.888 0.99999751276
3933.232 0.99999751276
3935.576 0.99999751276
3937.92 0.99999751276
3940.264 0.99999751276
3942.608 0.99999751276
3944.952 0.99999751276
3947.296 0.99999751276
3949.64 0.99999751276
3951.984 0.99999751276
3954.328 0.99999751276
3956.672 0.99999751276
3959.016 0.99999751276
3961.36 0.99999751276
3963.704 0.99999751276
3966.048 0.99999751276
3968.392 0.99999751276
3970.736 0.99999751276
3973.08 0.99999751276
3975.424 0.99999751276
3977.768 0.99999751276
3980.112 0.99999751276
3982.456 0.99999751276
3984.8 0.99999751276
3987.144 0.99999751276
3989.488 0.99999751276
3991.832 0.99999751276
3994.176 0.99999751276
3996.52 0.99999751276
3998.864 0.99999751276
4001.208 0.99999751276
4003.552 0.99999751276
4005.896 0.99999751276
4008.24 0.99999751276
4010.584 0.99999751276
4012.928 0.99999751276
4015.272 0.99999751276
4017.616 0.99999751276
4019.96 0.99999751276
4022.304 0.99999751276
4024.648 0.99999751276
4026.992 0.99999751276
4029.336 0.99999751276
4031.68 0.99999751276
4034.024 0.99999751276
4036.368 0.99999751276
4038.712 0.99999751276
4041.056 0.99999751276
4043.4 0.99999751276
4045.744 0.99999751276
4048.088 0.99999751276
4050.432 0.99999751276
4052.776 0.99999751276
4055.12 0.99999751276
4057.464 0.99999751276
4059.808 0.99999751276
4062.152 0.99999751276
4064.496 0.99999751276
4066.84 0.99999751276
4069.184 0.99999751276
4071.528 0.99999751276
4073.872 0.99999751276
4076.216 0.99999751276
4078.56 0.99999751276
4080.904 0.99999751276
4083.248 0.99999751276
4085.592 0.99999751276
4087.936 0.99999751276
4090.28 0.99999751276
4092.624 0.99999751276
4094.968 0.99999751276
4097.312 0.99999751276
4099.656 0.99999751276
4102.0 0.99999751276
4104.344 0.99999751276
4106.688 0.99999751276
4109.032 0.99999751276
4111.376 0.99999751276
4113.72 0.99999751276
4116.064 0.99999751276
4118.408 0.99999751276
4120.752 0.99999751276
4123.096 0.99999751276
4125.44 0.99999751276
4127.784 0.99999751276
4130.128 0.99999751276
4132.472 0.99999751276
4134.816 0.99999751276
4137.16 0.99999751276
4139.504 0.99999751276
4141.848 0.99999751276
4144.192 0.99999751276
4146.536 0.99999751276
4148.88 0.99999751276
4151.224 0.99999751276
4153.568 0.99999751276
4155.912 0.99999751276
4158.256 0.99999751276
4160.6 0.99999751276
4162.944 0.99999751276
4165.288 0.99999751276
4167.632 0.99999751276
4169.976 0.99999751276
4172.32 0.99999751276
4174.664 0.99999751276
4177.008 0.99999751276
4179.352 0.99999751276
4181.696 0.99999751276
4184.04 0.99999751276
4186.384 0.99999751276
4188.728 0.99999751276
4191.072 0.99999751276
4193.416 0.99999751276
4195.76 0.99999751276
4198.104 0.99999751276
4200.448 0.99999751276
4202.792 0.99999751276
4205.136 0.99999751276
4207.48 0.99999751276
4209.824 0.99999751276
4212.168 0.99999751276
4214.512 0.99999751276
4216.856 0.99999751276
4219.2 0.99999751276
4221.544 0.99999751276
4223.888 0.99999751276
4226.232 0.99999751276
4228.576 0.99999751276
4230.92 0.99999751276
4233.264 0.99999751276
4235.608 0.99999751276
4237.952 0.99999751276
4240.296 0.99999751276
4242.64 0.99999751276
4244.984 0.99999751276
4247.328 0.99999751276
4249.672 0.99999751276
4252.016 0.99999751276
4254.36 0.99999751276
4256.704 0.99999751276
4259.048 0.99999751276
4261.392 0.99999751276
4263.736 0.99999751276
4266.08 0.99999751276
4268.424 0.99999751276
4270.768 0.99999751276
4273.112 0.99999751276
4275.456 0.99999751276
4277.8 0.99999751276
4280.144 0.99999751276
4282.488 0.99999751276
4284.832 0.99999751276
4287.176 0.99999751276
4289.52 0.99999751276
4291.864 0.99999751276
4294.208 0.99999751276
4296.552 0.99999751276
4298.896 0.99999751276
4301.24 0.99999751276
4303.584 0.99999751276
4305.928 0.99999751276
4308.272 0.99999751276
4310.616 0.99999751276
4312.96 0.99999751276
4315.304 0.99999751276
4317.648 0.99999751276
4319.992 0.99999751276
4322.336 0.99999751276
4324.68 0.99999751276
4327.024 0.99999751276
4329.368 0.99999751276
4331.712 0.99999751276
4334.056 0.99999751276
4336.4 0.99999751276
4338.744 0.99999751276
4341.088 0.99999751276
4343.432 0.99999751276
4345.776 0.99999751276
4348.12 0.99999751276
4350.464 0.99999751276
4352.808 0.99999751276
4355.152 0.99999751276
4357.496 0.99999751276
4359.84 0.99999751276
4362.184 0.99999751276
4364.528 0.99999751276
4366.872 0.99999751276
4369.216 0.99999751276
4371.56 0.99999751276
4373.904 0.99999751276
4376.248 0.99999751276
4378.592 0.99999751276
4380.936 0.99999751276
4383.28 0.99999751276
4385.624 0.99999751276
4387.968 0.99999751276
4390.312 0.99999751276
4392.656 0.99999751276
4395.0 0.99999751276
4397.344 0.99999751276
4399.688 0.99999751276
4402.032 0.99999751276
4404.376 0.99999751276
4406.72 0.99999751276
4409.064 0.99999751276
4411.408 0.99999751276
4413.752 0.99999751276
4416.096 0.99999751276
4418.44 0.99999751276
4420.784 0.99999751276
4423.128 0.99999751276
4425.472 0.99999751276
4427.816 0.99999751276
4430.16 0.99999751276
4432.504 0.99999751276
4434.848 0.99999751276
4437.192 0.99999751276
4439.536 0.99999751276
4441.88 0.99999751276
4444.224 0.99999751276
4446.568 0.99999751276
4448.912 0.99999751276
4451.256 0.99999751276
4453.6 0.99999751276
4455.944 0.99999751276
4458.288 0.99999751276
4460.632 0.99999751276
4462.976 0.99999751276
4465.32 0.99999751276
4467.664 0.99999751276
4470.008 0.99999751276
4472.352 0.99999751276
4474.696 0.99999751276
4477.04 0.99999751276
4479.384 0.99999751276
4481.728 0.99999751276
4484.072 0.99999751276
4486.416 0.99999751276
4488.76 0.99999751276
4491.104 0.99999751276
4493.448 0.99999751276
4495.792 0.99999751276
4498.136 0.99999751276
4500.48 0.99999751276
4502.824 0.99999751276
4505.168 0.99999751276
4507.512 0.99999751276
4509.856 0.99999751276
4512.2 0.99999751276
4514.544 0.99999751276
4516.888 0.99999751276
4519.232 0.99999751276
4521.576 0.99999751276
4523.92 0.99999751276
4526.264 0.99999751276
4528.608 0.99999751276
4530.952 0.99999751276
4533.296 0.99999751276
4535.64 0.99999751276
4537.984 0.99999751276
4540.328 0.99999751276
4542.672 0.99999751276
4545.016 0.99999751276
4547.36 0.99999751276
4549.704 0.99999751276
4552.048 0.99999751276
4554.392 0.99999751276
4556.736 0.99999751276
4559.08 0.99999751276
4561.424 0.99999751276
4563.768 0.99999751276
4566.112 0.99999751276
4568.456 0.99999751276
4570.8 0.99999751276
4573.144 0.99999751276
4575.488 0.99999751276
4577.832 0.99999751276
4580.176 0.99999751276
4582.52 0.99999751276
4584.864 0.99999751276
4587.208 0.99999751276
4589.552 0.99999751276
4591.896 0.99999751276
4594.24 0.99999751276
4596.584 0.99999751276
4598.928 0.99999751276
4601.272 0.99999751276
4603.616 0.99999751276
4605.96 0.99999751276
4608.304 0.99999751276
4610.648 0.99999751276
4612.992 0.99999751276
4615.336 0.99999751276
4617.68 0.99999751276
4620.024 0.99999751276
4622.368 0.99999751276
4624.712 0.99999751276
4627.056 0.99999751276
4629.4 0.99999751276
4631.744 0.99999751276
4634.088 0.99999751276
4636.432 0.99999751276
4638.776 0.99999751276
4641.12 0.99999751276
4643.464 0.99999751276
4645.808 0.99999751276
4648.152 0.99999751276
4650.496 0.99999751276
4652.84 0.99999751276
4655.184 0.99999751276
4657.528 0.99999751276
4659.872 0.99999751276
4662.216 0.99999751276
4664.56 0.99999751276
4666.904 0.99999751276
4669.248 0.99999751276
4671.592 0.99999751276
4673.936 0.99999751276
4676.28 0.99999751276
4678.624 0.99999751276
4680.968 0.99999751276
4683.312 0.99999751276
4685.656 0.99999751276
